5 0.06328125 0.16640625 0.07421875 0.1546875
5 0.3078125 0.246875 0.07578125 0.1484375
5 0.21328125 0.215625 0.07421875 0.1515625
5 0.44296875 0.29765625 0.08984375 0.17265625
5 0.64375 0.2546875 0.06015625 0.121875
4 0.59375 0.21015625 0.07578125 0.128125
6 0.07890625 0.51328125 0.15390625 0.82421875
6 0.209375 0.525 0.1296875 0.76484375
6 0.32578125 0.54921875 0.13203125 0.74140625
6 0.4609375 0.5234375 0.15 0.625
6 0.6 0.3984375 0.13984375 0.48203125
6 0.6671875 0.36171875 0.09765625 0.32421875