5 0.33984375 0.2296875 0.14765625 0.26875
5 0.75234375 0.38203125 0.06796875 0.11953125
5 0.45390625 0.43125 0.06796875 0.128125
5 0.67421875 0.48984375 0.05625 0.1078125
5 0.11484375 0.48984375 0.0421875 0.07734375
5 0.5296875 0.51171875 0.03984375 0.06875
5 0.621875 0.51953125 0.0359375 0.059375
6 0.12890625 0.63125 0.11796875 0.35546875
6 0.80390625 0.6625 0.1796875 0.66875
6 0.678125 0.6625 0.08828125 0.45390625
6 0.6203125 0.61484375 0.05234375 0.25078125
6 0.53125 0.659375 0.0703125 0.35859375
6 0.453125 0.68203125 0.09765625 0.6296875
6 0.296875 0.5390625 0.23828125 0.9046875