5 0.1203125 0.25859375 0.1203125 0.17578125
5 0.30390625 0.425 0.04765625 0.071875
5 0.43125 0.49296875 0.021875 0.0375
5 0.35 0.4171875 0.05234375 0.06640625
5 0.60390625 0.3890625 0.04375 0.0640625
5 0.76328125 0.3703125 0.07421875 0.1171875
5 0.9421875 0.234375 0.11171875 0.20234375
6 0.115625 0.584375 0.215625 0.8109375
6 0.29921875 0.6265625 0.078125 0.46953125
6 0.3546875 0.6015625 0.05390625 0.42421875
6 0.625 0.5375 0.11015625 0.36015625
6 0.775 0.6265625 0.1703125 0.634375
6 0.93046875 0.56328125 0.1390625 0.8671875